AntennaPosition = -781232.1615137754 -500500.0 -0.0 ant0
AntennaPosition = -248215.0807568877 -500500.0 -0.0 ant1
AntennaPosition = -2.4384658743034142e-11 -500500.0 -0.0 ant2
AntennaPosition = -2.4384658743034142e-11 -600500.0 -0.0 ant3
